0.5032583347756456,2,33
9.9015,9.8514,9.8982,9.9182,9.8413,0.0,
0.5032583347756456,26,0
45.733,45.785,45.785,45.93,45.8691,45.9364,45.9309,45.9337,45.8467,45.905,45.905,45.9154,46.0178,46.0192,45.9673,46.0347,45.9687,46.1047,46.1047,46.0438,45.9414,1.0,
0.5032583347756456,12,22
27.7534,27.7844,27.7975,27.7412,27.7599,27.7599,0.0,
0.5032583347756456,24,3
39.6375,39.6575,39.7718,39.792,39.8859,39.8892,39.9026,39.9026,39.8925,39.8892,40.0,39.9563,40.0538,40.0504,40.047,39.9899,40.0807,40.1915,40.1546,40.0706,40.0706,39.9462,1.0,
0.5032583347756456,24,26
39.7042,39.7445,39.7479,39.7647,39.7544,39.7511,39.8252,39.8556,39.9194,39.9396,39.8691,1.0,
0.5032583347756456,25,33
44.4389,44.4389,44.4277,1.0,
0.5032583347756456,0,43
5.7281,5.7615,0.0,
0.5032583347756456,14,6
29.8723,30.0034,0.0,
0.5032583347756456,2,30
9.8648,9.9299,0.0,
0.5032583347756456,0,28
5.8421,5.8745,0.0,
0.5032583347756456,13,14
27.9583,28.0956,0.0,
0.5032583347756456,7,48
19.6353,19.7602,0.0,
0.5032583347756456,11,8
27.1069,27.2282,0.0,
0.5032583347756456,17,37
32.9909,33.2325,0.0,
0.5032583347756456,1,36
9.9548,10.015,0.0,
0.5032583347756456,12,4
27.5512,27.6679,0.0,
0.5032583347756456,9,38
23.3316,23.4449,0.0,
0.5032583347756456,3,6
13.8323,13.8898,0.0,
0.5032583347756456,13,18
27.9461,28.0855,0.0,
0.5032583347756456,5,26
16.2626,16.4059,0.0,
0.5032583347756456,13,9
27.6524,27.8021,0.0,
0.5032583347756456,15,22
31.5161,31.6675,0.0,
0.5032583347756456,3,41
13.2742,13.3512,0.0,
0.5032583347756456,1,10
9.6353,9.7125,0.0,
0.5032583347756456,9,46
23.5036,23.6594,0.0,
0.5032583347756456,14,36
30.9906,31.1484,0.0,
0.5032583347756456,1,29
9.8863,9.9666,0.0,
0.3830689830039222,15,34
31.6199,31.6083,31.6083,31.6163,31.5416,0.0,
0.3830689830039222,10,31
24.0323,23.9906,23.8977,23.8047,23.7205,23.6691,23.9993,23.9441,24.0155,23.965,23.969,23.8592,23.8592,23.8768,23.8135,0.0,
0.3830689830039222,3,29
13.6044,13.6356,13.5664,13.5854,13.5565,13.4918,13.5976,13.5664,0.0,
0.3830689830039222,16,28
31.2963,31.2679,31.23895,31.21,31.291,31.0995,31.1743,31.1743,31.2311,31.3508,31.1911,31.2637,31.2079,0.0,
0.3830689830039222,19,22
34.0365,33.9145,33.9423,33.9926,33.8753,33.7075,33.7804,33.8474,33.9809,33.9806,33.9746,33.9635,33.9128,0.0,
0.3830689830039222,12,6
27.6247,27.7552,27.6452,27.6452,27.7053,27.564,27.6084,27.6762,0.0,
0.3830689830039222,8,36
19.2787,19.3287,19.2574,19.2535,19.3074,0.0,
0.3830689830039222,19,5
34.0465,34.0472,34.0077,33.9743,34.0799,34.0354,0.0,
0.3830689830039222,21,10
35.7647,35.9241,35.8858,35.671,35.671,35.5713,35.6494,35.7706,35.8918,35.8522,35.8199,35.7539,35.6939,35.8164,0.0,
0.3830689830039222,17,0
33.8989,33.871,33.6585,33.709,33.9667,33.7988,33.8324,0.0,
0.3830689830039222,2,17
9.8848,9.9132,9.783,9.7813,9.8281,9.94,0.0,
0.3830689830039222,18,25
33.9426,33.8201,33.7808,33.9262,0.0,
0.3830689830039222,8,41
19.3483,19.2971,19.2295,19.3439,19.3679,19.3068,0.0,
0.3830689830039222,17,29
32.9346,32.8391,32.7711,32.9061,0.0,
0.3830689830039222,16,6
31.6641,31.5399,31.4252,31.6172,0.0,
0.3830689830039222,5,20
16.2736,16.1301,16.0937,16.2372,0.0,
0.3830689830039222,10,16
23.7919,23.9105,23.9617,24.0168,23.8977,23.8175,23.9032,0.0,
0.3830689830039222,5,6
16.0823,15.9953,15.8826,16.0344,0.0,
0.3830689830039222,23,33
37.214,37.0395,37.1236,37.1952,37.2058,37.2011,0.0,
0.3830689830039222,11,17
27.5004,27.359,27.3945,27.5483,27.5296,27.5034,27.4742,27.5279,0.0,
0.3830689830039222,12,41
28.0216,27.7355,27.7534,28.0,27.9804,0.0,
0.3830689830039222,18,5
33.5575,33.5014,33.5519,33.6359,33.7088,33.8878,33.8767,0.0,
0.3830689830039222,25,19
42.8978,42.9982,43.3133,43.4281,1.0,
0.3830689830039222,22,42
36.8766,36.9474,37.2921,0.0,
0.3830689830039222,25,10
42.3366,42.3463,42.3938,1.0,
0.3830689830039222,15,29
31.6225,31.7254,0.0,
0.3830689830039222,6,3
16.4086,16.5125,0.0,
0.3830689830039222,8,10
19.626,19.7309,0.0,
0.3830689830039222,7,38
19.2373,19.3423,0.0,
0.3830689830039222,15,11
31.6434,31.7503,0.0,
0.3830689830039222,13,32
27.9246,28.033,0.0,
0.3830689830039222,20,24
33.648,33.8672,0.0,
0.3830689830039222,5,16
16.2003,16.3719,0.0,
0.3830689830039222,4,31
16.5462,16.7199,0.0,
0.3234526691358922,6,7
16.5574,16.4987,16.5197,16.5407,16.3447,0.0,
0.3234526691358922,11,26
27.508,27.4158,27.4788,27.4497,27.0865,0.0,
0.3234526691358922,0,13
5.8745,5.8411,5.8273,5.8568,5.7272,0.0,
0.3234526691358922,22,5
36.8412,36.8766,36.8934,36.973,36.9835,36.8218,36.7714,36.7518,36.9226,36.9394,36.8695,36.7783,36.8589,0.0,
0.3234526691358922,10,23
23.9032,23.9744,23.9825,23.8889,23.8889,23.961,0.0,
0.3234526691358922,15,17
31.7434,31.7143,31.68025,31.6462,31.7196,0.0,
0.3234526691358922,20,13
33.72,33.6978,33.67,33.642,33.7035,0.0,
0.3234526691358922,16,42
31.4507,31.3815,31.3584,31.4541,0.0,
0.3234526691358922,23,1
37.1549,37.0495,37.0115,37.1655,0.0,
0.3234526691358922,5,42
16.4872,16.4224,16.4001,16.4955,0.0,
0.3234526691358922,20,18
33.44,33.2547,33.2547,33.3951,0.0,
0.3234526691358922,7,2
19.8216,19.7845,19.7676,19.8316,0.0,
0.3234526691358922,14,14
30.1497,30.1497,30.2572,30.3529,30.3076,30.3895,30.4099,30.4472,30.6633,30.5108,30.6931,0.0,
0.3234526691358922,12,33
28.3838,28.2371,28.1498,28.2993,0.0,
0.3234526691358922,14,39
31.2793,31.3076,31.295,31.4291,31.4405,31.3998,31.4951,31.4951,31.7649,31.7543,0.0,
0.3234526691358922,26,21
45.9127,45.9337,45.9154,46.0088,46.0256,46.0424,46.1215,46.1564,46.3517,46.3038,46.2804,1.0,
0.3234526691358922,25,37
44.7721,44.7536,44.7646,44.8189,44.8189,1.0,
0.3234526691358922,14,8
30.0353,30.0689,30.2634,30.2603,0.0,
0.3234526691358922,25,15
42.776,42.8357,42.8332,42.8332,1.0,
0.3234526691358922,6,44
16.5075,16.6443,16.6388,16.6416,0.0,
0.3234526691358922,24,43
39.9966,40.0,40.0168,1.0,
0.3234526691358922,3,20
13.4548,13.4448,0.0,
0.3234526691358922,7,24
19.7171,19.6967,0.0,
0.3234526691358922,8,12
19.7306,19.7102,0.0,
0.3234526691358922,21,41
36.7909,36.7501,0.0,
0.3234526691358922,9,25
23.5264,23.5056,0.0,
0.3234526691358922,23,20
37.0919,37.0458,0.0,
0.3234526691358922,22,3
36.9383,36.88975,0.0,
0.3234526691358922,14,25
30.8234,30.7963,0.0,
0.3234526691358922,7,41
19.2879,19.26,0.0,
0.2810361125534234,8,29
19.66,19.5861,19.6134,19.5999,19.3467,0.0,
0.2810361125534234,9,5
23.9846,23.7903,23.8411,23.8919,23.7112,23.6391,23.6055,23.8071,23.7943,23.8271,23.8367,0.0,
0.2810361125534234,6,23
16.5967,16.6918,16.65685,16.6219,16.566,16.5632,16.5128,16.5604,16.5912,16.6751,16.6359,16.6723,16.6163,16.6387,16.6359,16.5101,0.0,
0.2810361125534234,2,3
9.7238,9.7055,9.719,9.7276,9.679,0.0,
0.2810361125534234,13,23
28.0971,28.066,28.1145,28.0855,28.0572,0.0,
0.2810361125534234,4,33
16.6639,16.6274,16.7059,16.6611,16.60355,0.0,
0.2810361125534234,1,1
9.7911,9.7879,9.8213,9.8079,9.7659,9.7757,9.7924,0.0,
0.2810361125534234,15,2
31.72225,31.758,31.8692,31.6893,31.7175,0.0,
0.2810361125534234,10,8
23.5284,23.5433,23.4976,23.4976,23.452,23.4739,23.5622,0.0,
0.2810361125534234,8,3
19.6663,19.72365,19.781,19.6392,19.5854,0.0,
0.2810361125534234,2,11
9.8763,9.9064,9.8547,9.84635,9.838,9.838,0.0,
0.2810361125534234,21,34
36.8042,36.8818,36.7361,36.7511,36.6476,36.7344,36.8138,0.0,
0.2810361125534234,3,13
13.6515,13.716,13.7402,13.625,13.5749,0.0,
0.2810361125534234,17,19
32.9174,33.0694,33.0524,32.94,32.9681,32.98785,33.0076,0.0,
0.2810361125534234,21,44
36.5866,36.3422,36.4722,36.54925,36.6263,36.5149,0.0,
0.2810361125534234,9,34
23.576,23.6345,23.5502,23.4689,0.0,
0.2810361125534234,3,45
13.1927,13.3199,13.1782,13.0865,0.0,
0.2810361125534234,11,46
27.4317,27.461,27.3067,27.3299,0.0,
0.2810361125534234,23,9
36.765,36.9573,36.9616,37.0208,37.0838,37.0077,37.052,37.115,37.0433,37.1741,37.1741,0.0,
0.2810361125534234,1,14
9.6688,9.7357,9.739,9.7238,9.7255,9.6969,9.8243,0.0,
0.2810361125534234,21,1
35.0101,35.0901,35.1574,35.2644,35.2535,35.2535,35.4822,35.6277,35.7203,0.0,
0.2810361125534234,16,15
31.2173,31.0991,31.056,31.152,0.0,
0.2810361125534234,25,43
45.1191,45.1905,45.1905,45.1813,45.4072,45.4316,1.0,
0.2810361125534234,25,25
43.6789,43.6789,43.8262,43.8221,43.998,1.0,
0.2810361125534234,23,24
37.0252,37.0314,37.103,37.103,0.0,
0.2810361125534234,11,38
26.9022,26.9237,27.2079,27.3175,0.0,
0.2810361125534234,18,1
33.6414,33.6582,33.5798,0.0,
0.2810361125534234,9,29
23.3856,23.4193,23.4014,0.0,
0.2810361125534234,5,46
16.5797,16.5601,0.0,
0.2810361125534234,3,3
13.7055,13.6911,0.0,
0.27891371525489117,7,6
20.0739,20.1209,20.0638,19.9092,19.9092,0.0,
0.27891371525489117,8,17
19.2249,19.2249,19.2379,19.2074,0.0,
0.27891371525489117,4,13
16.8816,17.0127,16.9849,16.9739,16.9824,16.8986,16.9182,0.0,
0.27891371525489117,0,18
5.7773,5.7949,5.7959,5.7477,5.7644,5.7959,0.0,
0.27891371525489117,13,39
27.9483,27.9799,27.9658,28.1428,27.9054,0.0,
0.27891371525489117,0,5
5.7901,5.8686,5.8863,5.8863,5.8077,5.8058,5.8392,0.0,
0.27891371525489117,0,35
5.5481,5.5453,5.433,5.498,5.4813,5.5788,0.0,
0.27891371525489117,13,44
27.9853,28.0375,28.0375,28.124,27.9993,0.0,
0.27891371525489117,5,2
16.0916,16.1502,16.2317,16.1105,0.0,
0.27891371525489117,26,42
45.9591,46.0044,45.9206,45.9206,45.8794,45.7726,45.6067,45.4211,1.0,
0.27891371525489117,12,19
27.697,27.7308,27.6801,0.0,
0.27891371525489117,20,37
33.4684,33.3615,33.3502,33.5021,0.0,
0.27891371525489117,3,23
13.5384,13.6698,13.4995,0.0,
0.27891371525489117,26,32
46.1629,46.16355,46.1642,46.0699,46.0453,46.0699,46.0957,1.0,
0.27891371525489117,20,6
33.9054,33.7651,33.754,33.9553,0.0,
0.27891371525489117,15,45
31.0589,31.098,31.0345,0.0,
0.27891371525489117,11,1
27.2529,27.2712,27.2146,0.0,
0.27891371525489117,10,1
23.208,23.217,23.186,0.0,
0.27891371525489117,4,42
16.5686,16.6106,16.4563,0.0,
0.27891371525489117,25,4
41.9846,41.9846,42.1475,42.246,42.3868,1.0,
0.27891371525489117,19,13
34.0522,34.0632,34.0184,0.0,
0.27891371525489117,7,29
19.4299,19.4637,19.3243,0.0,
0.2478288180260249,22,25
37.0651,37.0838,37.0856,37.0015,36.9492,36.8757,36.7323,36.8669,36.7756,37.0582,37.0582,37.0352,37.0607,36.9174,36.8801,36.8722,0.0,
0.2478288180260249,5,32
16.1421,16.1421,16.1051,16.0856,16.1898,16.06,0.0,
0.2478288180260249,20,26
33.9093,33.9514,33.9177,33.856,33.8672,33.8954,33.8843,33.8002,33.9406,0.0,
0.2478288180260249,16,19
31.2975,31.2964,31.2964,31.2226,31.1793,31.1572,31.4565,31.2426,31.2732,0.0,
0.2478288180260249,18,15
33.7874,33.8487,33.8593,34.0208,33.8639,33.8469,0.0,
0.2478288180260249,2,43
9.873,9.7944,9.7341,9.8111,0.0,
0.2478288180260249,7,14
19.9025,20.0235,20.0235,20.1748,20.074,20.2725,20.2355,20.2455,0.0,
0.2478288180260249,20,41
33.5244,33.5694,33.5834,33.5974,33.5807,33.6537,33.7496,0.0,
0.2478288180260249,17,40
33.2493,33.2493,33.3109,33.2885,33.3389,0.0,
0.2478288180260249,9,1
23.9255,23.9886,23.9893,23.9933,0.0,
0.2478288180260249,8,47
19.4088,19.3352,19.3453,0.0,
0.2478288180260249,23,39
37.2833,37.2836,0.0,
0.2478288180260249,15,32
31.5318,31.5015,0.0,
0.2478288180260249,13,29
28.0353,28.004,0.0,
0.2478288180260249,8,22
19.2923,19.2586,0.0,
0.2478288180260249,0,41
5.7458,5.73695,0.0,
0.2478288180260249,13,2
28.2689,28.2327,0.0,
0.2478288180260249,19,0
34.0379,33.9645,0.0,
0.22046307464973008,18,37
34.157,34.1402,34.1176,34.1632,34.04,0.0,
0.22046307464973008,4,20
16.9125,16.9068,16.9628,16.9068,16.8679,0.0,
0.22046307464973008,6,12
16.2634,16.2326,16.258,16.3646,16.2834,16.4317,16.4485,16.5018,16.7142,16.8483,0.0,
0.22046307464973008,1,24
9.8528,9.903,9.8695,9.8896,9.8863,0.0,
0.22046307464973008,23,29
37.1952,37.1217,37.0015,37.1131,0.0,
0.22046307464973008,18,45
33.7098,33.6485,33.5977,33.654,0.0,
0.22046307464973008,19,35
33.9077,33.8799,34.0643,34.0643,34.2312,34.1365,34.07,0.0,
0.22046307464973008,1,39
10.0384,10.0767,9.9883,0.0,
0.22046307464973008,15,8
31.7564,31.79,31.6434,0.0,
0.22046307464973008,15,42
31.4981,31.5656,31.2458,0.0,
0.22046307464973008,4,10
17.0912,17.0409,17.0352,0.0,
0.22046307464973008,11,4
27.2712,27.1624,0.0,
0.22046307464973008,11,43
27.5839,27.4763,0.0,
0.22046307464973008,13,21
28.1403,28.027,0.0,
0.22046307464973008,12,30
28.2268,28.1087,0.0,
0.22046307464973008,1,46
9.7777,9.7173,0.0,
0.19715972342414917,19,44
33.8872,33.8596,33.736,33.6966,33.635,0.0,
0.19715972342414917,14,27
30.8079,30.8762,30.9137,30.93685,30.96,30.9935,31.0605,31.1464,31.226,0.0,
0.19715972342414917,4,4
16.88875,16.8957,16.9012,16.9123,16.9347,17.1271,0.0,
0.19715972342414917,12,14
27.7467,27.6866,27.7374,27.8736,27.8182,0.0,
0.19715972342414917,23,43
37.128,37.1486,37.0981,0.0,
0.19715972342414917,13,5
27.9501,27.745,27.7123,0.0,
0.19715972342414917,11,32
26.9876,26.7402,26.6984,0.0,
0.19715972342414917,21,28
36.4376,36.4994,36.5498,0.0,
0.19715972342414917,8,14
19.6597,19.5114,0.0,
0.17910787069564865,4,26
16.6863,16.6807,16.6975,16.504,16.6022,0.0,
0.17910787069564865,17,12
33.1931,33.1593,33.2323,33.21,33.1706,33.1426,0.0,
0.17910787069564865,6,39
16.4905,16.4905,16.4124,16.4657,0.0,
0.17910787069564865,15,24
31.5586,31.4902,31.5586,31.5355,0.0,
0.17910787069564865,20,0
33.4731,33.5125,33.4398,0.0,
0.17910787069564865,4,38
16.546,16.5798,16.5153,0.0,
0.17910787069564865,22,47
37.5105,37.5671,37.458,0.0,
0.17910787069564865,5,29
16.4761,16.3526,16.2626,0.0,
0.17910787069564865,12,37
28.2146,28.3016,28.0728,0.0,
0.17910787069564865,16,0
31.5727,31.5705,31.5683,31.602,0.0,
0.17910787069564865,0,1
5.7253,5.7253,5.7724,5.792,0.0,
0.17910787069564865,9,19
23.3709,23.4057,23.5284,23.5828,0.0,
0.17910787069564865,0,30
5.9074,5.9403,5.7586,0.0,
0.17910787069564865,2,0
9.80835,9.7924,9.7255,0.0,
0.17910787069564865,3,38
13.5519,13.5049,13.2887,0.0,
0.17910787069564865,24,38
39.8925,39.9362,39.9126,1.0,
0.17910787069564865,13,36
27.9121,28.0034,0.0,
0.17910787069564865,21,26
36.1942,36.3758,0.0,
0.17910787069564865,7,11
19.7408,19.815,0.0,
0.17685429802353725,3,8
13.8277,13.7753,13.8564,13.8875,0.0,
0.17685429802353725,2,38
9.7826,9.7206,9.7826,9.9198,9.873,0.0,
0.17685429802353725,20,4
33.5969,33.6027,0.0,
0.17685429802353725,2,25
9.8765,9.8498,0.0,
0.17685429802353725,14,0
29.4434,29.391,0.0,
0.17685429802353725,13,34
28.1176,27.957,0.0,
0.17685429802353725,9,16
23.6886,23.4948,0.0,
0.17685429802353725,2,8
9.6688,9.7761,0.0,
0.15885610133687528,19,17
33.8299,33.9357,33.8577,0.0,
0.15885610133687528,1,21
9.9197,9.9632,9.8528,0.0,
0.15885610133687528,25,1
41.82,41.8966,41.8577,1.0,
0.15885610133687528,8,26
19.326,19.3934,19.6768,0.0,
0.15885610133687528,1,31
9.9247,10.0184,10.0201,0.0,
0.15885610133687528,21,32
36.8562,36.8209,0.0,
0.15885610133687528,10,46
23.7471,23.6926,0.0,
0.15885610133687528,9,42
23.4409,23.4937,0.0,
0.15885610133687528,18,34
34.1341,34.2401,0.0,
0.15885610133687528,14,2
29.4484,29.5966,0.0,
0.15885610133687528,12,28
27.8398,27.9899,0.0,
0.14269027946047552,17,9
33.5465,33.1538,33.1201,0.0,
0.14269027946047552,17,33
32.8779,33.002,32.9794,0.0,
0.14269027946047552,11,13
27.451,27.4234,27.4219,0.0,
0.14269027946047552,6,0
16.5882,16.473,16.4843,0.0,
0.14269027946047552,22,19
37.103,37.2144,37.3405,0.0,
0.14269027946047552,3,26
13.4828,13.542,13.609,0.0,
0.14269027946047552,8,1
19.6293,19.6326,0.0,
0.14269027946047552,9,48
23.4728,23.4211,0.0,
0.13531650591302508,4,45
16.5153,16.4453,16.4453,16.4144,16.4172,0.0,
0.13531650591302508,7,33
19.2626,19.2425,19.3543,19.3101,19.3821,0.0,
0.13531650591302508,15,13
31.6893,31.5993,31.6258,0.0,
0.13531650591302508,4,1
16.6471,16.946,16.8818,0.0,
0.13531650591302508,18,42
33.9393,33.8386,33.8386,0.0,
0.13531650591302508,24,47
39.8117,39.8556,39.8858,1.0,
0.13531650591302508,11,35
26.7199,26.7199,26.695,0.0,
0.13531650591302508,9,27
23.5096,23.4928,0.0,
0.13531650591302508,18,23
33.9037,33.7473,0.0,
0.13531650591302508,5,10
16.0344,15.9946,0.0,
0.12801582052390098,12,0
27.3529,27.3483,27.319,0.0,
0.12801582052390098,16,11
31.3692,31.3861,31.3861,0.0,
0.12801582052390098,19,2
34.0696,34.1859,34.1859,0.0,
0.12650527350302915,0,46
5.845,5.9118,5.844,5.6456,0.0,
0.12650527350302915,23,5
36.8767,36.8767,36.7694,36.6408,0.0,
0.12650527350302915,0,24
5.7959,5.8765,5.794,5.7782,0.0,
0.12650527350302915,16,46
31.5214,31.3468,31.3584,31.2473,0.0,
0.12650527350302915,1,42
9.893,9.8646,9.85295,9.8413,0.0,
0.12650527350302915,17,45
33.4734,33.5685,33.4677,0.0,
0.12650527350302915,3,0
13.6789,13.5786,13.7199,0.0,
0.12650527350302915,20,10
33.9107,33.8661,33.7929,0.0,
0.12650527350302915,2,47
9.7879,9.7443,9.6639,0.0,
0.12650527350302915,23,47
37.1866,37.164,37.1534,0.0,
0.12650527350302915,17,26
32.9287,32.8954,32.9515,0.0,
0.12650527350302915,22,22
37.4077,37.3468,37.1956,0.0,
0.12650527350302915,7,26
19.7373,19.6531,19.3216,0.0,
0.12650527350302915,12,47
28.0782,28.0613,28.1339,0.0,
0.12650527350302915,2,27
9.8249,9.8432,9.8798,0.0,
0.12650527350302915,24,0
39.8926,39.7516,39.69455,1.0,
0.12650527350302915,26,39
46.0816,46.0325,46.0325,1.0,
0.12650527350302915,25,30
44.063,44.195,44.3384,1.0,
0.12650527350302915,16,4
31.5767,31.5514,0.0,
0.12650527350302915,10,29
24.033,23.9993,0.0,
0.12650527350302915,18,12
33.8043,33.7319,0.0,
0.12650527350302915,19,42
33.9752,33.8983,0.0,
0.12650527350302915,22,0
36.7467,36.6583,0.0,
0.12650527350302915,17,7
33.73715,33.6419,0.0,
0.12650527350302915,13,16
27.934,27.8788,0.0,
0.12650527350302915,13,12
27.8984,27.9583,0.0,
0.12650527350302915,1,34
9.9883,10.0184,0.0,
0.12650527350302915,3,18
13.5316,13.5673,0.0,
0.12650527350302915,25,13
42.5251,42.6112,1.0,
0.10608860500009318,7,45
19.5073,19.5443,19.5982,0.0,
0.10218717094933322,10,5
23.1899,23.299,23.3964,0.0,
0.10218717094933322,23,22
36.9448,36.9891,0.0,
0.10218717094933322,11,6
27.1301,27.1853,0.0,
0.09068810655333703,11,10
27.2927,27.3894,27.3894,0.0,
0.09068810655333703,15,0
31.646,31.6865,0.0,
0.08437392792625101,18,30
34.0379,34.0379,34.0997,0.0,
0.08437392792625101,19,11
34.0234,34.0458,0.0,
0.0799615980983921,8,8
19.6528,19.6799,0.0,
0.06991005367674291,5,13
16.1802,16.1492,16.234,0.0,
0.06991005367674291,5,38
16.1475,16.2654,16.2654,0.0,
0.06991005367674291,24,41
39.9294,39.963,1.0,
0.060453325395473156,15,39
31.6377,31.6377,31.4793,0.0,
0.05679612162539294,22,45
37.4916,37.5608,0.0,
0.05679612162539294,6,5
16.5686,16.4957,0.0,
0.05152477572646008,13,0
28.3361,28.3266,0.0,
0.006420550324029661,0,33
5.6465,5.6122,0.0,
0.006420550324029661,1,8
9.8026,9.6504,0.0,
0.006420550324029661,1,12
9.70415,9.6958,0.0,
0.006420550324029661,1,48
9.6618,9.6267,0.0,
0.006420550324029661,2,23
9.9283,9.9283,0.0,
0.006420550324029661,3,43
13.2619,13.2117,0.0,
0.006420550324029661,5,0
16.0317,15.8915,0.0,
0.006420550324029661,5,18
16.3523,16.3774,0.0,
0.006420550324029661,5,24
16.375,16.2626,0.0,
0.006420550324029661,5,48
16.5853,16.6442,0.0,
0.006420550324029661,6,48
16.5942,16.7001,0.0,
0.006420550324029661,7,0
19.94785,19.9327,0.0,
0.006420550324029661,7,22
20.0,19.9461,0.0,
0.006420550324029661,7,43
19.2568,19.3581,0.0,
0.006420550324029661,8,24
19.2755,19.30075,0.0,
0.006420550324029661,8,34
19.3687,19.3907,0.0,
0.006420550324029661,9,23
23.569,23.5472,0.0,
0.006420550324029661,9,32
23.5463,23.6048,0.0,
0.006420550324029661,9,40
23.40515,23.3654,0.0,
0.006420550324029661,9,44
23.5671,23.572,0.0,
0.006420550324029661,10,48
23.6085,23.6687,0.0,
0.006420550324029661,14,4
29.4415,29.7951,0.0,
0.006420550324029661,14,12
30.1915,30.1395,0.0,
0.006420550324029661,15,48
31.0852,31.119,0.0,
0.006420550324029661,17,48
33.5296,33.6639,0.0,
0.006420550324029661,18,21
33.9028,33.881,0.0,
0.006420550324029661,19,20
33.919,33.9803,0.0,
0.006420550324029661,20,22
33.4681,33.5075,0.0,
0.006420550324029661,20,35
33.8394,33.5865,0.0,
0.006420550324029661,20,48
33.7945,33.8789,0.0,
0.006420550324029661,21,24
35.8513,36.0135,0.0,
0.006420550324029661,23,41
37.4265,37.4265,0.0,
0.006420550324029661,25,23
43.4688,43.6215,1.0,
