0.3830689830039222,17,9
33.0526,32.9174;33.0694,33.0524;32.94,32.9681;32.98785,33.0076;0.0
0.3830689830039222,26,0
45.733,45.785;45.785,45.93;45.8691,45.9364;45.9309,45.9337;45.8467,45.905;45.905,45.9154;46.0178,46.0192;45.9673,46.0347;45.9687,46.1047;46.1047,46.0438;1.0
0.3830689830039222,14,11
30.6633,30.5108;30.6931,30.8234;30.7963,30.8079;30.8762,30.9137;30.93685,30.96;30.9935,31.0605;31.1464,31.226;30.9906,31.1484;31.2332,31.2793;31.3076,31.295;0.0
0.3830689830039222,21,8
35.6494,35.7706;35.8918,35.8522;35.8199,35.7539;35.6939,35.8164;0.0
0.3830689830039222,24,4
39.8892,39.9026;39.9026,39.8925;39.8892,40.0;39.9563,40.0538;40.0504,40.047;1.0
0.3830689830039222,25,17
44.4389,44.4277;44.5618,44.7721;44.7536,44.7646;1.0
0.3234526691358922,19,11
34.0365,33.9145;33.9423,33.9926;33.8753,33.7075;33.7804,33.8474;33.9809,33.9806;0.0
0.3234526691358922,2,1
9.7255,9.7238;9.7055,9.719;9.7276,9.679;9.6688,9.7761;0.0
0.3234526691358922,23,15
37.1217,37.0015;37.1131,37.214;37.0395,37.1236;0.0
0.3234526691358922,16,1
31.5683,31.602;31.5767,31.5514;31.6641,31.5399;31.4252,31.6172;0.0
0.3234526691358922,1,9
9.7255,9.6969;9.8243,9.9197;9.9632,9.8528;9.8528,9.903;9.8695,9.8896;9.8863,9.8863;9.9666,9.9247;10.0184,10.0201;9.9883,10.0184;9.9548,10.015;0.0
0.3234526691358922,22,1
36.698,36.9383;36.88975,36.8412;36.8766,36.8934;36.973,36.9835;36.8218,36.7714;36.7518,36.9226;36.9394,36.8695;36.7783,36.8589;0.0
0.3234526691358922,14,2
29.4415,29.7951;29.8723,30.0034;30.0353,30.0689;30.2634,30.2603;30.1915,30.1395;30.1497,30.1497;30.2572,30.3529;30.3076,30.3895;30.4099,30.4472;0.0
0.3234526691358922,10,2
23.0458,23.1899;23.299,23.3964;23.5284,23.5433;23.4976,23.4976;23.452,23.4739;23.5622,23.6434;23.7919,23.9105;0.0
0.3234526691358922,25,3
42.1475,42.246;42.3868,42.3366;42.3366,42.3463;42.3938,42.5251;42.6112,42.776;42.8357,42.8332;1.0
0.3234526691358922,20,20
33.5021,33.5244;33.5694,33.5834;33.5974,33.5807;33.6537,33.7496;0.0
0.3234526691358922,0,19
5.498,5.4813;5.5788,5.7458;5.73695,5.7281;5.7615,5.7811;0.0
0.3234526691358922,22,9
36.98095,37.103;37.2144,37.3405;37.4077,37.3468;0.0
0.3234526691358922,24,20
39.9126,39.9294;39.963,39.9966;1.0
0.3234526691358922,26,18
46.0453,46.0699;46.0957,46.0816;1.0
0.3234526691358922,9,16
23.5463,23.6048;23.576,23.6345;0.0
0.2810361125534234,3,3
13.8323,13.8898;13.8277,13.7753;13.8564,13.8875;13.9162,13.6515;13.716,13.7402;0.0
0.2810361125534234,3,14
13.609,13.6044;13.6356,13.5664;13.5854,13.5565;13.4918,13.5976;0.0
0.2810361125534234,12,3
27.6247,27.7552;27.6452,27.6452;27.7053,27.564;27.6084,27.6762;0.0
0.2810361125534234,13,11
28.027,28.0971;28.066,28.1145;28.0855,28.0572;0.0
0.2810361125534234,18,4
33.6359,33.7088;33.8878,33.8767;33.8043,33.7319;33.8045,33.7874;0.0
0.2810361125534234,18,13
33.8201,33.7808;33.9262,33.98205;34.0379,34.0379;34.0997,34.1668;34.1341,34.2401;34.3073,34.157;34.1402,34.1176;0.0
0.2810361125534234,11,9
27.359,27.3945;27.5483,27.5296;27.5034,27.4742;27.5279,27.4513;0.0
0.2810361125534234,21,0
34.9049,35.0101;35.0901,35.1574;35.2644,35.2535;35.2535,35.4822;35.6277,35.7203;35.7647,35.9241;0.0
0.2810361125534234,17,15
32.8391,32.7711;32.9061,32.8779;33.002,32.9794;32.9852,32.9909;33.2325,33.2101;0.0
0.2810361125534234,6,6
16.2634,16.2326;16.258,16.3646;16.2834,16.4317;16.4485,16.5018;16.7142,16.8483;0.0
0.2810361125534234,5,4
15.8826,16.0344;16.0344,15.9946;16.1323,16.1802;16.1492,16.234;0.0
0.2810361125534234,5,17
16.1051,16.0856;16.1898,16.06;16.1475,16.2654;16.2654,16.375;16.4872,16.4224;0.0
0.2810361125534234,24,14
39.7479,39.7647;39.7544,39.7511;39.8252,39.8556;39.9194,39.9396;1.0
0.2810361125534234,10,10
23.8977,23.8175;23.9032,23.9032;0.0
0.2810361125534234,20,2
33.5969,33.6027;33.9054,33.7651;0.0
0.27891371525489117,0,6
5.8863,5.8745;5.8411,5.8273;0.0
0.27891371525489117,0,15
5.9074,5.9403;5.7586,5.6465;0.0
0.27891371525489117,0,17
5.6122,5.5481;5.5453,5.433;0.0
0.27891371525489117,1,20
10.0767,9.9883;9.893,9.8646;0.0
0.27891371525489117,1,22
9.85295,9.8413;9.7777,9.7173;0.0
0.27891371525489117,2,6
9.9064,9.8547;9.84635,9.838;0.0
0.27891371525489117,3,1
13.7199,13.7055;13.6911,13.6721;0.0
0.27891371525489117,3,8
13.625,13.5749;13.5316,13.5673;0.0
0.27891371525489117,3,19
13.5519,13.5049;13.2887,13.2742;0.0
0.27891371525489117,4,12
16.8679,16.8176;16.6863,16.6807;0.0
0.27891371525489117,4,18
16.6611,16.60355;16.546,16.5798;0.0
0.27891371525489117,5,14
16.4563,16.4761;16.3526,16.2626;0.0
0.27891371525489117,7,4
20.0638,19.9092;19.9092,19.7408;0.0
0.27891371525489117,7,10
20.2355,20.2455;20.0,19.9461;0.0
0.27891371525489117,7,13
19.7373,19.6531;19.3216,19.4299;0.0
0.27891371525489117,7,15
19.4637,19.3243;19.29345,19.2626;0.0
0.27891371525489117,7,20
19.4266,19.2879;19.26,19.2568;0.0
0.27891371525489117,8,20
19.3074,19.3483;19.2971,19.2295;0.0
0.27891371525489117,9,2
23.9933,23.9846;23.7903,23.8411;0.0
0.27891371525489117,9,4
23.8919,23.7112;23.6391,23.6055;0.0
0.27891371525489117,9,7
23.8271,23.8367;23.6886,23.4948;0.0
0.27891371525489117,10,16
23.9906,23.8977;23.8047,23.7205;0.0
0.27891371525489117,11,14
27.4788,27.4497;27.0865,26.9876;0.0
0.27891371525489117,11,16
26.9876,26.7402;26.6984,26.7199;0.0
0.27891371525489117,12,9
27.8182,27.697;27.7308,27.6801;0.0
0.27891371525489117,12,19
28.3016,28.0728;28.0702,28.0216;0.0
0.27891371525489117,13,0
28.3361,28.3266;28.2689,28.2327;0.0
0.27891371525489117,13,2
27.965,27.9501;27.745,27.7123;0.0
0.27891371525489117,15,2
31.8692,31.6893;31.7175,31.6213;0.0
0.27891371525489117,15,4
31.7564,31.79;31.6434,31.6434;0.0
0.27891371525489117,15,6
31.7503,31.6893;31.5993,31.6258;0.0
0.27891371525489117,15,21
31.4981,31.5656;31.2458,31.0589;0.0
0.27891371525489117,16,6
31.3861,31.3861;31.3461,31.2173;0.0
0.27891371525489117,17,3
33.8324,33.73715;33.6419,33.5465;0.0
0.27891371525489117,17,7
33.2323,33.21;33.1706,33.1426;0.0
0.27891371525489117,18,1
33.6582,33.5798;33.5855,33.5575;0.0
0.27891371525489117,18,21
33.9393,33.8386;33.8386,33.7098;0.0
0.27891371525489117,19,16
33.9746,33.9635;33.9128,33.9077;0.0
0.27891371525489117,19,20
34.1365,34.07;33.9752,33.8983;0.0
0.27891371525489117,20,6
33.7929,33.72;33.6978,33.67;0.0
0.27891371525489117,20,17
33.9406,33.8394;33.5865,33.4684;0.0
0.27891371525489117,21,20
36.8138,36.7909;36.7501,36.674;0.0
0.27891371525489117,22,14
37.0015,36.9492;36.8757,36.7323;0.0
0.27891371525489117,22,18
37.0352,37.0607;36.9174,36.8801;0.0
0.27891371525489117,23,21
37.4265,37.128;37.1486,37.0981;0.0
0.27891371525489117,26,15
46.3038,46.2804;46.1629,46.16355;1.0
0.27891371525489117,26,21
45.9591,46.0044;45.9206,45.9206;1.0
0.27891371525489117,4,7
17.0127,16.9849;16.9739,16.9824;0.0
0.27891371525489117,6,12
16.6918,16.65685;16.6219,16.566;0.0
0.27891371525489117,9,18
23.5502,23.4689;23.3316,23.4449;0.0
0.27891371525489117,19,7
34.0632,34.0184;33.9963,33.8299;0.0
0.27891371525489117,19,22
33.8872,33.8596;33.736,33.6966;0.0
0.27891371525489117,23,2
37.1655,36.8767;36.8767,36.7694;0.0
0.27891371525489117,23,10
37.0919,37.0458;36.9448,36.9891;0.0
0.27891371525489117,2,18
9.9182,9.8413;9.7826,9.7206;0.0
0.27891371525489117,3,21
13.3512,13.2619;13.2117,13.1927;0.0
0.27891371525489117,15,15
31.7254,31.6979;31.5318,31.5015;0.0
0.27891371525489117,18,9
34.0208,33.8639;33.8469,33.9028;33.881,33.9037;33.7473,33.9426;0.0
0.27891371525489117,8,1
19.6326,19.6663;19.72365,19.781;19.6392,19.5854;19.6528,19.6799;19.626,19.7309;0.0
0.27891371525489117,10,18
23.6691,23.9993;23.9441,24.0155;23.965,23.969;0.0
0.27891371525489117,5,8
16.2003,16.3719;16.3523,16.3774;16.2736,16.1301;16.0937,16.2372;16.375,16.2626;16.2626,16.4059;0.0
0.27891371525489117,16,15
31.23895,31.21;31.291,31.0995;31.1743,31.1743;31.2311,31.3508;31.1911,31.2637;31.2079,31.3079;0.0
0.27891371525489117,16,10
31.2964,31.2964;31.2226,31.1793;31.1572,31.4565;31.2426,31.2732;31.2963,31.2679;0.0
0.27891371525489117,26,10
45.9414,45.9127;45.9337,45.9154;46.0088,46.0256;46.0424,46.1215;46.1564,46.3517;1.0
0.27891371525489117,24,12
39.9462,39.8654;39.7042,39.7445;1.0
0.2478288180260249,13,16
27.9246,28.033;28.1176,27.957;27.9121,28.0034;0.0
0.2478288180260249,11,21
27.4423,27.5839;27.4763,27.3484;27.4317,27.461;0.0
0.2478288180260249,1,0
9.7426,9.7911;9.7879,9.8213;9.8079,9.7659;9.7757,9.7924;0.0
0.2478288180260249,12,15
28.2268,28.1087;28.3283,28.3838;28.2371,28.1498;28.2993,28.2146;0.0
0.2478288180260249,13,4
27.7647,27.6524;27.8021,27.7806;27.8984,27.9583;27.9583,28.0956;27.934,27.8788;27.9461,28.0855;28.2056,28.1403;0.0
0.2478288180260249,10,12
23.9744,23.9825;23.8889,23.8889;23.961,24.033;23.9993,24.0323;0.0
0.2478288180260249,25,11
43.4281,43.4688;43.6215,43.6789;43.6789,43.8262;43.8221,43.998;44.063,44.195;44.3384,44.4389;1.0
0.2478288180260249,8,10
19.2074,19.2418;19.2923,19.2586;19.2755,19.30075;19.326,19.3934;19.6768,19.66;0.0
0.2478288180260249,20,11
33.4681,33.5075;33.648,33.8672;33.9093,33.9514;33.9177,33.856;0.0
0.2478288180260249,25,20
44.8189,44.8189;44.9715,45.1191;45.1905,45.1905;1.0
0.2478288180260249,4,2
16.88875,16.8957;16.9012,16.9123;16.9347,17.1271;0.0
0.2478288180260249,23,4
36.6408,36.765;36.9573,36.9616;0.0
0.2478288180260249,2,22
9.7944,9.7341;9.8111,9.7879;0.0
0.2478288180260249,6,21
16.4657,16.5354;16.5075,16.6443;0.0
0.2478288180260249,19,0
34.0379,33.9645;34.0696,34.1859;0.0
0.2478288180260249,4,15
16.6022,16.5462;16.7199,16.6639;0.0
0.2478288180260249,9,20
23.40515,23.3654;23.4409,23.4937;0.0
0.22046307464973008,15,18
31.6083,31.6163;31.5416,31.6377;31.6377,31.4793;0.0
0.22046307464973008,2,8
9.838,9.8848;9.9132,9.783;9.7813,9.8281;9.94,9.9283;9.9283,9.8765;9.8498,9.8249;9.8432,9.8798;0.0
0.22046307464973008,21,13
36.1942,36.3758;36.4376,36.4994;36.5498,36.6611;36.8562,36.8209;36.8042,36.8818;36.7361,36.7511;0.0
0.22046307464973008,8,6
19.7306,19.7102;19.6597,19.5114;0.0
0.19715972342414917,6,16
16.6751,16.6359;16.6723,16.6163;16.6387,16.6359;16.5101,16.4905;0.0
0.19715972342414917,12,11
27.7534,27.7844;27.7975,27.7412;27.7599,27.7599;0.0
0.19715972342414917,15,9
31.7143,31.68025;31.6462,31.7196;31.5161,31.6675;0.0
0.19715972342414917,11,0
27.2055,27.2529;27.2712,27.2146;27.2712,27.1624;27.1301,27.1853;27.1069,27.2282;0.0
0.19715972342414917,19,2
34.1859,34.0465;34.0472,34.0077;33.9743,34.0799;34.0354,34.0234;0.0
0.19715972342414917,9,10
23.4057,23.5284;23.5828,23.569;23.5472,23.5264;23.5056,23.5096;0.0
0.19715972342414917,22,20
36.8722,36.8784;36.8766,36.9474;37.2921,37.4916;0.0
0.17910787069564865,0,8
5.8568,5.7272;5.7773,5.7949;5.7959,5.7477;5.7644,5.7959;0.0
0.17910787069564865,5,2
16.2317,16.1105;16.0823,15.9953;0.0
0.17910787069564865,7,0
19.94785,19.9327;19.8216,19.7845;0.0
0.17910787069564865,10,22
23.8768,23.8135;23.7471,23.6926;0.0
0.17910787069564865,13,21
28.1428,27.9054;27.9853,28.0375;0.0
0.17910787069564865,9,22
23.5671,23.572;23.5036,23.6594;0.0
0.17910787069564865,3,10
13.4548,13.4448;13.4348,13.5384;0.0
0.17910787069564865,25,1
41.8966,41.8577;41.9846,41.9846;1.0
0.17685429802353725,1,4
9.8026,9.6504;9.6353,9.7125;9.70415,9.6958;9.6688,9.7357;0.0
0.17685429802353725,20,8
33.642,33.7035;33.44,33.2547;33.2547,33.3951;0.0
0.17685429802353725,23,6
37.0208,37.0838;37.0077,37.052;37.115,37.0433;37.1741,37.1741;0.0
0.17685429802353725,14,21
31.4291,31.4405;31.3998,31.4951;31.4951,31.7649;0.0
0.17685429802353725,6,1
16.4843,16.4086;16.5125,16.5686;0.0
0.15885610133687528,0,2
5.792,5.7901;5.8686,5.8863;5.8863,5.8077;5.8058,5.8392;0.0
0.15885610133687528,7,18
19.3101,19.3821;19.2373,19.3423;0.0
0.15885610133687528,12,0
27.3529,27.3483;27.319,27.4221;27.5512,27.6679;0.0
0.14269027946047552,4,21
16.5686,16.6106;16.4563,16.5153;0.0
0.14269027946047552,11,5
27.2927,27.3894;27.3894,27.451;27.4234,27.4219;0.0
0.14269027946047552,23,12
37.0252,37.0314;37.103,37.103;0.0
0.13531650591302508,2,15
9.8648,9.9299;9.9299,9.9015;9.8514,9.8982;0.0
0.13531650591302508,4,9
16.8986,16.9182;16.9125,16.9068;16.9628,16.9068;0.0
0.13531650591302508,24,0
39.8926,39.7516;39.69455,39.6375;39.6575,39.7718;1.0
0.13531650591302508,24,9
39.9899,40.0807;40.1915,40.1546;40.0706,40.0706;1.0
0.13531650591302508,9,14
23.4928,23.3856;23.4193,23.4014;0.0
0.13531650591302508,3,12
13.6698,13.4995;13.4828,13.542;0.0
0.13531650591302508,8,8
19.4744,19.2249;19.2249,19.2379;0.0
0.13531650591302508,8,22
19.3439,19.3679;19.3068,19.4088;0.0
0.13531650591302508,16,21
31.4507,31.3815;31.3584,31.4541;0.0
0.13531650591302508,22,12
37.1956,37.0651;37.0838,37.0856;0.0
0.13531650591302508,19,9
33.9357,33.8577;33.919,33.9803;0.0
0.13531650591302508,8,16
19.5999,19.3467;19.3687,19.3907;0.0
0.12801582052390098,21,6
35.8858,35.671;35.671,35.5713;0.0
0.12801582052390098,21,22
36.5866,36.3422;36.4722,36.54925;0.0
0.12801582052390098,20,0
33.4731,33.5125;33.4398,33.5631;0.0
0.12801582052390098,4,0
16.6136,16.6471;16.946,16.8818;0.0
0.12801582052390098,16,8
31.0991,31.056;31.152,31.2975;0.0
0.12650527350302915,4,5
17.0912,17.0409;17.0352,16.8816;0.0
0.12650527350302915,8,18
19.2787,19.3287;19.2574,19.2535;0.0
0.12650527350302915,13,14
28.0666,28.0353;28.004,27.9946;0.0
0.12650527350302915,23,0
37.1631,37.1549;37.0495,37.0115;0.0
0.12650527350302915,17,0
33.8989,33.871;33.6585,33.709;0.0
0.12650527350302915,0,12
5.7959,5.8765;5.794,5.7782;0.0
0.12650527350302915,6,3
16.4957,16.5574;16.4987,16.5197;16.5407,16.3447;0.0
0.12650527350302915,24,22
40.0,40.0168;39.8992,39.8117;1.0
0.12650527350302915,6,14
16.5632,16.5128;16.5604,16.5912;0.0
0.12650527350302915,12,7
27.7467,27.6866;27.7374,27.8736;0.0
0.12650527350302915,25,9
42.8332,42.8978;42.9982,43.3133;1.0
0.11457931249295233,7,7
19.9025,20.0235;20.0235,20.1748;20.074,20.2725;0.0
0.11457931249295233,17,21
33.3109,33.2885;33.3389,33.4734;33.5685,33.4677;0.0
0.11457931249295233,11,18
26.7199,26.695;26.9022,26.9237;0.0
0.10218717094933322,15,12
31.5586,31.4902;31.5586,31.5355;31.5683,31.6225;0.0
0.09068810655333703,17,13
32.9287,32.8954;32.9515,32.9346;0.0
0.08437392792625101,23,19
37.2011,37.2833;37.2836,37.4265;0.0
0.08437392792625095,10,0
23.1962,23.208;23.217,23.186;0.0
0.0799615980983921,20,15
33.8672,33.8954;33.8843,33.8002;0.0
0.0799615980983921,17,5
33.1538,33.1201;33.1931,33.1593;0.0
0.0799615980983921,13,19
27.9382,27.9483;27.9799,27.9658;0.0
0.0799615980983921,9,0
23.7607,23.9255;23.9886,23.9893;0.0
0.06734044135766268,2,20
9.7826,9.9198;9.873,9.873;0.0
0.06734044135766268,24,18
39.8691,40.0235;39.8925,39.9362;1.0
0.060453325395473156,14,0
29.4434,29.391;29.4484,29.5966;0.0
0.060453325395473156,12,21
27.7355,27.7534;28.0,27.9804;0.0
0.05679612162539294,20,4
33.754,33.9553;33.9107,33.8661;0.0
0.05679612162539294,15,0
31.646,31.6865;31.72225,31.758;0.0
0.03503665505605502,5,0
16.0317,15.8915;16.0916,16.1502;0.0
0.027388868501550034,19,18
33.8799,34.0643;34.0643,34.2312;0.0
0.027388868501550034,7,2
19.7676,19.8316;20.0739,20.1209;0.0
0.02008994082044885,0,0
5.575,5.7253;5.7253,5.7724;0.0
0.02008994082044885,5,22
16.4001,16.4955;16.5797,16.5601;0.0
0.02008994082044885,7,22
19.3581,19.5073;19.5443,19.5982;0.0
0.02008994082044885,22,16
36.8669,36.7756;37.0582,37.0582;0.0
