0.0,0,0
56.9643,42.1994,69.332;56.9643,42.1994,69.332;1.0
0.0,0,2
56.2148,42.507,69.5764;56.2148,42.8919,69.5764;1.0
0.0,0,4
57.4091,42.9069,70.529;57.4091,42.8024,70.834;1.0
0.0,0,6
57.5072,43.0386,70.834;57.83,43.128,71.4846;1.0
0.0,0,8
57.83,43.128,71.4846;58.1752,43.255,72.3321;1.0
0.0,0,10
58.1752,43.255,72.3321;58.1752,43.255,72.3321;1.0
0.0,0,12
57.6422,43.255,72.3321;57.6422,43.255,72.3321;1.0
0.0,0,14
58.4162,44.0976,74.0583;58.9034,44.5432,73.5936;1.0
0.0,0,16
58.9438,44.5432,73.5936;58.9438,44.9983,75.0255;1.0
